5
349
356
355
337
361
353
354
349
335
354
102
119
306
340
362
357
326
363
352
360
362
362
355
336
353
339
354
345
330
362
175
362
362
360
361
207
362
361
362
357
356
361
340
360
362
357
363
363
362
363
363
362
353
360
345
363
363
363
363
363
362
358
363
363
361
363
360
363
358
338
347
360
353
345
350
343
348
359
322
354
343
361
326
356
359
360
360
363
354
362
362
354
362
361
314
361
348
353
359
360
357
360
362
359
357
362
351
352
351
357
358
337
350
355
353
354
361
338
356
338
361
323
357
362
361
362
354
352
361
360
362
363
362
360
360
362
362
357
363
361
359
363
360
347
362
362
361
357
353
353
361
363
363
351
343
360
362
362
362
360
348
363
362
361
363
358
359
264
363
338
363
362
363
359
362
362
356
360
355
361
359
362
361
361
328
363
363
359
362
360
363
363
352
361
361
360
363
351
359
361
352
361
360
362
362
363
146
362
362
357
359
362
158
360
358
356
362
363
362
345
360
346
356
354
339
357
349
353
348
356
362
362
362
362
362
351
361
363
362
363
363
360
363
361
363
356
362
320
361
363
363
362
362
360
361
363
357
363
362
363
363
351
358
352
361
363
360
362
357
362
362
363
363
359
363
363
363
363
357
357
363
363
363
359
363
362
363
363
363
363
361
362
348
360
362
362
360
363
358
351
360
349
361
361
358
359
349
360
361
331
362
362
333
363
363
363
363
361
362
362
362
363
360
251
363
363
355
358
362
359
354
360
362
356
356
362
359
362
363
353
363
363
363
363
360
356
354
360
361
362
363
362
355
353
354
362
363
362
353
362
362
360
361
357
360
362
363
362
360
360
363
363
361
362
356
361
361
363
359
363
363
363
362
360
360
357
360
361
363
349
349
350
342
343
359
363
360
363
363
359
363
362
363
363
362
360
354
359
357
350
361
358
350
352
358
362
361
360
354
347
360
362
363
357
361
359
363
363
361
361
359
359
360
362
361
363
354
349
363
362
352
360
360
362
361
361
359
363
362
362
363
363
363
363
363
362
361
361
362
363
351
363
344
362
345
362
363
359
361
361
361
355
361
7
361
361
363
355
345
353
362
362
363
362
363
362
360
343
346
343
363
363
361
321
361
363
361
337
361
362
335
363
363
360
361
362
363
362
302
339
361
361
352
325
360
359
348
339
359
348
357
362
248
132
11
349
334
363
360
332
360
363
363
363
203
145
360
358
361
353
356
203
358
362
359
361
362
198
349
363
359
363
355
362
342
362
296
210
360
363
362
360
362
358
358
210
360
361
334
359
347
360
363
355
357
276
130
334
359
342
274
185
228
194
346
186
347
228
218
165
62
179
167
287
203
228
361
353
170
123
235
224
242
211
205
178
229
41
352
342
359
352
360
355
336
337
347
359
361
361
329
187
340
339
361
342
217
362
363
315
345
301
223
255
340
45
262
360
332
359
326
235
362
35
8
304
165
217
219
217
355
348
363
363
349
361
361
362
359
362
352
362
355
363
359
363
362
362
362
362
363
352
361
320
358
358
352
363
362
363
358
350
345
350
361
8
351
344
358
363
338
360
363
345
336
343
349
348
352
363
353
359
356
98
360
358
359
362
342
130
354
333
332
348
113
361
308
182
347
175
357
361
354
243
359
353
362
363
335
345
361
353
306
358
349
360
342
307
338
24
301
180
332
327
361
350
315
361
267
361
361
348
360
357
350
362
362
360
352
362
361
339
335
362
349
132
360
334
360
361
350
353
360
348
361
353
320
360
352
172
349
351
354
343
356
346
359
361
359
354
356
359
360
361
361
362
353
360
359
360
359
353
351
345
351
357
362
297
360
359
362
361
360
340
355
358
361
348
343
359
344
355
355
349
355
357
296
359
351
329
355
357
144
361
344
341
336
170
334
136
114
361
351
362
339
362
359
338
361
354
360
348
349
353
359
359
334
361
356
362
360
360
209
239
99
153
359
124
155
334
314
321
319
346
36
361
361
363
361
361
328
353
362
357
338
352
339
358
322
293
353
164
363
363
361
360
163
363
325
357
276
215
321
359
351
337
358
348
363
354
352
344
286
342
342
351
336
315
352
355
201
349
242
305
362
360
360
361
358
341
355
350
344
362
362
360
361
327
351
356
360
352
295
361
352
8
343
358
347
358
362
332
356
358
328
362
356
358
363
361
358
358
306
363
302
353
350
359
363
362
352
363
354
347
362
355
319
349
131
341
344
179
348
327
350
341
233
348
294
351
363
351
346
342
332
344
150
336
353
361
355
352
349
348
359
361
360
327
320
360
346
361
146
346
363
356
361
363
341
355
363
350
363
359
363
362
363
359
362
343
307
347
324
358
360
356
349
363
363
357
359
362
362
363
350
339
363
363
353
336
358
357
362
363
332
353
327
363
359
363
184
352
346
347
356
353
352
359
362
353
345
344
214
335
287
340
348
69
18
358
340
353
342
337
359
361
350
360
324
322
360
358
313
358
325
337
362
362
359
355
362
347
361
339
362
362
363
356
183
346
361
350
363
359
354
361
363
361
361
362
358
361
323
359
360
363
213
363
361
363
360
362
363
360
362
362
361
359
353
362
363
361
354
339
360
353
360
349
258
360
359
362
354
362
348
363
353
363
330
363
352
363
361
361
360
360
360
362
297
356
361
359
357
359
355
332
361
335
291
361
296
358
360
359
363
348
362
349
100
358
360
357
358
310
361
354
342
346
351
329
291
342
362
340
358
348
357
287
360
361
349
295
333
357
363
330
359
309
306
354
347
362
358
353
361
351
360
347
360
353
362
360
357
361
344
354
360
360
353
359
360
350
350
355
360
360
357
356
351
361
315
360
357
350
361
352
358
358
357
361
361
357
343
354
357
325
348
351
322
344
355
353
346
351
354
326
361
357
356
347
355
352
361
357
359
362
346
353
359
352
326
356
359
360
359
357
356
333
339
350
319
352
326
283
353
337
316
346
338
349
342
354
352
344
351
342
331
344
331
335
338
347
355
342
330
340
307
238
261
258
346
338
346
343
320
321
151
360
320
68
183
152
331
359
290
361
327
260
353
339
357
356
348
337
357
361
359
361
360
359
131
6
323
309
345
354
356
356
356
354
352
359
359
353
354
349
328
355
359
347
349
351
358
359
344
353
347
358
358
355
358
355
355
349
352
352
350
361
358
362
361
358
321
356
358
359
362
352
360
358
353
355
353
361
359
340
352
339
353
347
346
350
343
357
356
346
350
351
354
357
360
360
361
356
357
353
354
356
353
354
359
27
360
359
358
352
337
360
353
338
357
355
350
356
327
345
345
197
351
363
362
179
342
313
359
348
351
356
353
360
352
358
359
363
360
352
354
352
358
363
359
361
360
356
362
358
357
360
362
362
360
362
363
362
360
359
363
362
349
355
363
361
363
361
363
362
362
363
362
361
362
362
360
362
361
357
363
363
362
363
359
355
363
363
362
362
363
363
357
355
363
363
361
362
362
362
360
363
361
358
362
360
359
359
361
359
358
362
361
358
361
363
363
361
323
351
356
363
360
361
360
336
357
349
348
360
356
363
362
363
360
362
358
358
359
358
362
350
355
362
357
363
355
360
356
350
361
358
356
357
363
363
339
36
354
357
362
361
344
335
363
357
345
362
349
360
362
363
154
363
363
361
363
350
361
362
360
363
361
362
363
353
356
350
355
337
330
357
357
348
356
361
208
344
354
347
294
343
308
359
359
345
346
360
361
340
360
327
350
342
351
312
355
361
354
214
339
361
363
361
345
360
359
363
362
352
358
360
361
362
363
358
346
362
362
362
354
356
348
355
189
363
346
302
363
363
349
360
361
359
361
362
348
362
363
361
360
363
363
362
363
363
363
362
361
363
362
363
362
363
362
359
361
362
348
361
363
327
362
361
347
363
358
356
360
358
361
351
340
362
357
357
363
354
351
359
232
318
332
289
224
332
318
352
350
338
333
360
359
361
361
350
361
362
360
341
153
325
337
362
232
350
351
316
341
331
332
355
362
363
354
362
349
355
348
352
340
356
324
274
279
355
360
358
334
341
306
303
353
343
343
308
326
353
360
361
363
360
359
331
135
336
9
116
17
353
335
359
360
362
361
362
362
362
362
361
360
363
362
362
362
362
360
361
355
355
362
363
359
362
363
362
360
361
362
353
362
363
362
363
358
252
355
345
362
360
363
361
361
353
361
344
329
362
362
363
351
123
362
330
137
355
348
363
170
363
361
362
324
105
361
334
201
359
358
359
24
361
362
362
339
362
342
362
309
360
360
153
362
348
355
325
359
225
355
330
142
111
335
358
343
362
363
361
359
338
321
183
360
329
264
351
127
345
187
359
356
202
359
363
342
353
352
363
359
351
363
343
363
359
363
361
352
362
359
362
351
362
346
341
359
357
354
360
359
361
359
363
362
358
324
354
361
356
362
329
362
363
363
256
363
361
356
360
360
361
363
358
191
361
361
363
360
361
360
363
361
360
362
322
361
358
363
354
362
359
359
359
363
360
302
360
360
361
361
363
362
363
361
