1 54
2 94
3 109
4 121
5 398
6 554
7 609
8 611
9 793
10 880
11 908
12 935
13 1029
14 1045
15 1055
16 1089
17 1184
18 1382
19 1396
20 1565
21 1606
22 1619
23 1668
24 1754
25 1999
26 2100
27 2175
28 2315
29 2349
30 2391
31 2464
32 2510
33 2575
34 2690
35 2779
36 2799
37 2968
38 2971
39 3008
40 3010
41 3172
42 3199
43 3224
44 3472
45 3630
46 3737
47 3833
48 3938
49 3960
50 3988
51 4013
52 4084
53 4097
54 4107
55 4141
56 4156
57 4318
58 4405
59 4601
60 4689
61 4777
62 4896
63 4994
64 5096
65 5188
66 5261
67 5442
68 5539
69 5609
70 5617
71 5636
72 5638
73 5681
74 5728
75 5770
76 5782
77 5805
78 6019
79 6111
80 6195
81 6234
82 6315
83 6322
84 6430
85 6510
86 6622
87 6695
88 6813
89 6894
90 6941
91 7019
92 7225
93 7289
94 7307
95 7362
96 7381
97 7675
98 7676
99 7710
100 7769
101 7843
102 7857
103 7988
104 8012
105 8056
106 8113
107 8428
108 8453
109 8531
110 8946
111 8965
112 9000
113 9036
114 9044
115 9062
116 9084
117 9106
118 9123
119 9161
120 9252
121 9547
122 9583
123 9681
124 9814
125 9841
126 9987
127 10111
128 10184
129 10341
130 10350
131 10404
132 10417
133 10425
134 10440
135 10544
136 10701
137 11664
138 11800
139 11901
140 11937
141 12066
142 12114
143 12125
144 12256
145 12330
146 12468
147 12488
148 12512
149 12551
150 12568
151 12581
152 12612
153 12882
154 13139
155 13148
156 13337
157 13390
158 13420
159 13547
160 13566
161 13781
162 13785
163 13799
164 14341
165 14431
166 14743
167 14753
168 14803
169 14811
170 14817
171 14849
172 15154
173 15386
174 15440
175 15649
176 15663
177 15687
178 15708
179 15824
180 15839
181 15898
182 15918
183 16052
184 16288
185 16291
186 16417
187 16468
188 16508
189 16537
190 16651
191 17224
192 17388
193 17562
194 17652
195 17670
196 17680
197 17689
198 17740
199 17900
200 18010
201 18146
202 18275
203 18279
204 18330
205 18440
206 18511
207 18617
208 18732
209 18778
210 18821
211 19171
212 19283
213 19497
214 19530
215 19589
216 19635
217 19745
218 19770
219 19809
220 19863
221 19985
222 20106
223 20210
224 20227
225 20374
226 20403
227 20415
228 20572
229 20581
230 20860
231 20894
232 20923
233 20930
234 20993
235 21126
236 21130
237 21219
238 21250
239 21315
240 21515
241 21522
242 21543
243 21544
244 21862
245 22161
246 22599
247 22693
248 22773
249 22778
250 22991
251 22993
252 23000
253 23312
254 23320
255 23332
256 23334
257 23347
258 23434
259 23459
260 23472
261 23596
262 23648
263 23671
264 23720
265 23868
266 23894
267 23912
268 23987
269 24045
270 24052
271 24072
272 24073
273 24214
274 24334
275 24387
276 24435
277 24482
278 24552
279 24573
280 24651
281 24662
282 24665
283 24849
284 25009
285 25055
286 25071
287 25351
288 25378
289 25383
290 25386
291 25419
292 25552
293 25638
294 25642
295 25644
296 25650
297 25726
298 25727
299 25903
300 25932
301 26012
302 26020
303 26024
304 26065
305 26071
306 26076
307 26212
308 26350
309 26589
310 26711
311 26757
312 26864
313 26958
314 26968
315 26974
316 27022
317 27123
318 27138
319 27495
320 27512
321 27552
322 27695
323 27815
324 27954
325 28179
326 28193
327 28314
328 28333
329 28342
330 28427
331 28577
332 28578
333 28635
334 28637
335 28680
336 28701
337 28735
338 28771
339 28853
340 28957
341 29048
342 29068
343 29185
344 29230
345 29238
346 29289
347 29679
348 29705
349 29753
350 29813
351 29928
352 29931
353 30102
354 30168
355 30206
356 30270
357 30340
358 30483
359 30566
360 30589
361 30746
362 30749
363 30856
364 30891
365 30905
366 30986
367 31002
368 31040
369 31115
370 31361
371 31374
372 31377
373 31666
374 31713
375 31751
376 31757
377 31761
378 32051
379 32056
380 32072
381 32158
382 32175
383 32288
384 32332
385 32397
386 32477
387 32573
388 32692
389 32701
390 32746
391 32810
392 32816
393 32916
394 32945
395 32975
396 33017
397 33128
398 33148
399 33158
400 33178
401 33251
402 33357
403 33358
404 33530
405 33636
406 33660
407 33768
408 33823
409 33860
410 33873
411 33883
412 34071
413 34074
414 34129
415 34145
416 34155
417 34266
418 34296
419 34389
420 34413
421 34448
422 34589
423 34642
424 34746
425 34892
426 34895
427 35004
428 35212
429 35304
430 35399
431 35539
432 35701
433 35733
434 35769
435 35857
436 35968
437 35969
438 35971
439 36003
440 36097
441 36126
442 36244
443 36381
444 36410
445 36416
446 36639
447 36726
448 36801
449 36888
450 36958
451 36998
452 37046
453 37064
454 37126
455 37172
456 37384
457 37400
458 37403
459 37431
460 37557
461 37600
462 37627
463 37640
464 37715
465 37771
466 37895
467 37977
468 38054
469 38230
470 38330
471 38333
472 38361
473 38378
474 38480
475 38567
476 38625
477 38662
478 38722
479 39117
480 39431
481 39629
482 39793
483 39820
484 39833
485 39933
486 39936
487 39978
488 39986
489 40071
490 40145
491 40168
492 40359
493 40420
494 40654
495 40737
496 40771
497 40780
498 40907
499 40943
500 47402
501 47856
502 47972
503 48014
504 48064
505 48160
506 48260
507 48329
508 48556
509 48579
510 48607
511 48868
512 48916
513 49059
514 49127
515 49200
516 49306
517 49310
518 49336
519 49390
520 49407
521 49442
522 49456
523 49591
524 49678
525 49681
526 49752
527 49921
528 49953
529 50101
530 50113
531 50160
532 50237
533 50305
534 50338
535 50440
536 50458
537 50468
538 50560
539 50608
540 50853
541 50916
542 50938
543 51029
544 51045
545 51094
546 51217
547 51401
548 51547
549 51729
550 51854
551 51951
552 51967
553 51974
554 52017
555 52144
556 52180
557 52209
558 52239
559 52250
560 52297
561 52376
562 52697
563 52837
564 52868
565 52879
566 52892
567 52901
568 53136
569 53178
570 53189
571 53286
572 53371
573 53492
574 53654
575 53795
576 53912
577 54075
578 54077
579 54141
580 54236
581 54493
582 54650
583 54665
584 54748
585 54763
586 54786
587 54888
588 54934
589 54953
590 55006
591 55069
592 55113
593 55153
594 55158
595 55232
596 55236
597 55260
598 55350
599 55387
600 55513
601 55516
602 55748
603 55822
604 55868
605 55957
606 55959
607 56038
608 56050
609 56090
610 56190
611 56327
612 56348
613 56393
614 56519
615 56560
616 56728
617 56967
618 57003
619 57252
620 57497
621 57508
622 57572
623 57768
624 57771
625 57775
626 57799
627 57930
628 57960
629 58191
630 58222
631 58308
632 58389
633 58390
634 58398
635 58634
