1 40954
2 40958
3 40982
4 41019
5 41030
8 41047
10 41079
11 41103
15 41123
20 41197
21 41198
23 41206
27 41217
28 41223
29 41224
30 41229
33 41236
34 41238
35 41253
36 41258
41 41278
42 41283
43 41305
44 41313
45 41316
46 41344
47 41357
48 41369
49 41379
52 41385
53 41389
54 41390
59 41400
60 41413
64 41461
65 41485
67 41495
68 41497
69 41507
70 41512
71 41524
72 41531
77 41551
78 41584
79 41595
82 41620
83 41629
84 41632
86 41670
87 41673
88 41680
89 41704
90 41723
91 41724
92 41745
93 41750
94 41754
96 41769
97 41777
98 41802
99 41809
100 41816
101 41858
102 41862
104 41867
106 41882
107 41920
108 41934
112 41960
115 41976
118 42001
121 42028
122 42029
123 42060
124 42085
125 42117
126 42125
127 42188
128 42195
129 42200
130 42207
131 42227
132 42239
133 42242
134 42269
135 42311
136 42318
137 42321
138 42327
139 42348
141 42400
142 42402
143 42427
145 42436
147 42466
148 42470
149 42473
154 42516
155 42523
157 42553
160 42570
161 42595
164 42605
165 42608
169 42617
170 42628
172 42636
173 42645
174 42658
175 42659
176 42674
183 42721
184 42726
185 42746
188 42756
189 42760
193 42769
194 42795
195 42808
196 42819
198 42844
199 42846
200 42849
201 42852
203 42862
204 42880
205 42928
208 42948
209 42956
210 42957
212 42979
213 42984
216 43013
218 43041
219 43046
220 43048
221 43066
226 43093
227 43105
228 43107
229 43116
230 43117
231 43148
232 43151
233 43164
234 43172
235 43174
236 43176
237 43183
238 43184
239 43226
240 43227
241 43245
242 43257
243 43262
244 43267
245 43278
246 43289
247 43293
248 43296
249 43307
250 43322
251 43349
252 43353
253 43359
254 43388
255 43391
256 43393
258 43434
259 43436
260 43442
263 43454
264 43456
265 43457
266 43495
267 43505
268 43516
271 43533
273 43565
274 43585
277 43640
278 43659
279 43661
280 43664
281 43667
282 43676
283 43699
284 43708
285 43719
286 43737
290 43817
292 43833
293 43842
295 43844
296 43846
297 43854
301 43890
302 43895
303 43910
306 43916
309 43938
310 43950
314 44058
316 44083
317 44090
318 44092
320 44140
323 44174
324 44233
325 44256
326 44264
327 44306
328 44333
329 44343
330 44406
332 44467
333 44497
334 44499
335 44501
336 44505
337 44547
338 44556
339 44562
340 44570
341 44578
342 44583
343 44585
344 44586
345 44587
346 44600
348 44616
349 44634
350 44645
352 44667
354 44674
356 44677
357 44690
358 44692
362 44708
365 44727
366 44733
367 44735
369 44746
370 44764
371 44769
372 44785
373 44790
374 44791
375 44825
376 44865
377 44889
378 44890
380 44893
381 44898
383 44907
384 44908
385 44913
386 44920
387 44923
388 44929
389 44941
390 44945
391 44970
392 44987
393 44994
395 45006
396 45012
397 45017
398 45023
399 45050
400 45061
401 45064
402 45066
403 45072
405 45086
406 45106
407 45117
409 45128
414 45144
415 45166
417 45167
421 45192
423 45213
424 45216
425 45255
426 45256
427 45261
428 45263
430 45271
431 45273
432 45298
433 45310
435 45319
436 45342
438 45350
439 45360
440 45369
442 45381
443 45396
444 45400
448 45412
449 45431
450 45457
451 45465
452 45468
453 45469
454 45474
455 45486
456 45511
457 45515
458 45522
459 45546
460 45549
461 45559
462 45572
463 45581
464 45586
465 45593
466 45595
467 45630
468 45646
469 45670
470 45673
471 45706
473 45734
474 45740
475 45747
478 45764
479 45769
480 45774
481 45776
482 45788
483 45792
484 45801
485 45815
487 45830
488 45832
489 45835
490 45839
491 45852
492 45860
493 45862
496 45871
497 45898
498 45900
499 45927
500 45936
501 45938
503 45953
504 45963
505 45967
508 45979
509 45987
512 45994
513 46000
515 46005
516 46015
517 46023
518 46024
519 46026
520 46033
521 46038
522 46090
523 46129
526 46193
527 46198
528 46210
530 46225
531 46228
533 46235
535 46258
537 46267
538 46281
539 46295
540 46298
541 46304
542 46314
544 46325
548 46360
549 46384
550 46411
551 46453
555 46505
556 46507
563 46570
564 46576
566 46588
567 46590
568 46614
569 46623
570 46624
572 46629
573 46645
574 46656
577 46700
578 46711
582 46757
583 46763
584 46775
586 46783
587 46818
588 46826
589 46836
590 46843
591 46847
592 46870
597 46877
598 46881
599 46895
604 46904
605 46907
606 46910
607 46922
608 46924
609 46954
610 46966
612 46978
613 47002
614 47031
615 47036
617 47045
623 47067
624 47072
625 47087
626 47092
627 47128
628 47133
630 47160
631 47175
632 47189
633 47194
634 47207
