1 41161
2 41517
3 41943
4 41944
5 42019
6 42024
7 42037
8 42038
9 42039
10 42041
11 42042
12 42043
13 42044
14 42045
15 42046
16 42050
17 42052
18 42053
19 42056
20 42058
21 42059
22 42062
23 42064
24 42065
25 42067
26 42069
27 42071
28 42072
29 42073
30 42074
31 42075
32 42077
33 42082
34 42083
35 42088
36 42092
37 42095
38 42098
39 42100
40 42101
41 42105
42 42109
43 42111
44 42114
45 42115
46 42116
47 42120
48 42121
49 42122
50 42123
51 42124
52 42126
53 42127
54 42130
55 42131
56 42132
57 42133
58 42134
59 42135
60 42137
61 42142
62 42144
63 42146
64 42149
65 42150
66 42152
67 42153
68 42154
69 42156
70 42157
71 42159
72 42163
73 42164
74 42166
75 42173
76 42175
77 42176
78 42180
79 42181
80 42182
81 42186
82 42187
83 42189
84 42190
85 42191
86 42192
87 42194
88 42197
89 42199
90 42201
91 42204
92 42205
93 42206
94 42208
95 42210
96 42216
97 42217
98 42218
99 42219
100 42221
101 42222
102 42224
103 42226
104 42228
105 42232
106 42234
107 42235
108 42236
109 42240
110 42241
111 42244
112 42246
113 42251
114 42253
115 42254
116 42256
117 42257
118 42258
119 42259
120 42260
121 42263
122 42267
123 42270
124 42271
125 42273
126 42284
127 42285
128 42287
129 42291
130 42293
131 42294
132 42295
133 42296
134 42299
135 42301
136 42302
137 42303
138 42306
139 42312
140 42314
141 42315
142 42325
143 42326
144 42328
145 42329
146 42333
147 42334
148 42335
149 42336
150 42339
151 42341
152 42342
153 42344
154 42345
155 42346
156 42350
157 42352
158 42353
159 42354
160 42356
161 42357
162 42358
163 42360
164 42362
165 42363
166 42366
167 42367
168 42369
169 42372
170 42374
171 42376
172 42379
173 42386
174 42387
175 42388
176 42390
177 42391
178 42392
179 42393
180 42394
181 42397
182 42399
183 42403
184 42405
185 42408
186 42413
187 42418
188 42421
189 42435
190 42437
191 42439
192 42440
193 42443
194 42445
195 42446
196 42447
197 42448
198 42449
199 42450
200 42452
201 42453
202 42454
203 42455
204 42461
205 42465
206 42467
207 42469
208 42476
209 42477
210 42479
211 42481
212 42483
213 42485
214 42488
215 42489
216 42490
217 42494
218 42498
219 42499
220 42501
221 42502
222 42503
223 42504
224 42508
225 42509
226 42510
227 42512
228 42514
229 42517
230 42519
231 42520
232 42531
233 42535
234 42538
235 42540
236 42541
237 42550
238 42552
239 42554
240 42556
241 42562
242 42565
243 42571
244 42572
245 42573
246 42574
247 42575
248 42576
249 42578
250 42579
251 42580
252 42581
253 42582
254 42583
255 42586
256 42587
257 42588
258 42589
259 42590
260 42591
261 42592
262 42593
263 42594
264 42596
265 42597
266 42599
267 42600
268 42603
269 42606
270 42609
271 42611
272 42675
273 42676
274 42678
275 42682
276 42689
277 42695
278 42696
279 42702
280 42712
281 42715
282 42718
283 42722
284 42724
285 42735
286 43467
287 43474
288 43475
289 43476
290 43477
291 43478
292 43481
293 43482
294 43483
295 43485
296 43487
297 43488
298 43489
299 43490
300 43491
301 43492
302 43496
303 43498
304 43499
305 43500
306 43502
307 43503
308 43513
309 43517
310 43518
311 43520
312 43522
313 43555
314 43556
315 43560
316 43564
317 43570
318 43572
319 43595
320 43599
321 43602
322 43603
323 43604
324 43605
325 43606
326 43608
327 43609
328 43614
329 43616
330 43618
331 43620
332 43624
333 43625
334 43630
335 43632
336 43695
337 43707
338 43712
339 43716
340 43717
341 43721
342 43722
343 43726
344 43730
345 43734
346 43738
347 43744
348 43745
349 43747
350 43748
351 43749
352 43753
353 43754
354 43755
355 43756
356 43758
357 43760
358 43762
359 43765
360 43766
361 43767
362 43772
363 43774
364 43781
365 43783
366 43784
367 43785
368 43786
369 43787
370 43788
371 43790
372 43797
373 43799
374 43800
375 43802
376 43804
377 43805
378 43806
379 43812
380 43816
381 43819
382 43820
383 43821
384 43822
385 43825
386 43826
387 43855
388 43856
389 43857
390 43860
391 43861
392 43862
393 43865
394 43867
395 43870
396 43874
397 43875
398 43876
399 43877
400 43879
401 43880
402 43882
403 43883
404 43898
405 43899
406 43906
407 43911
408 43913
409 43915
410 43920
411 43936
412 43942
413 43943
414 43944
415 43945
416 43946
417 43947
418 43949
419 43954
420 43956
421 43957
422 43958
423 43959
424 43960
425 43961
426 43962
427 43963
428 43965
429 43966
430 43968
431 43973
432 43974
433 43976
434 43978
435 43979
436 43981
437 43985
438 43986
439 43988
440 43989
441 43993
442 43994
443 43996
444 43998
445 43999
446 44000
447 44001
448 44003
449 44004
450 44005
451 44006
452 44009
453 44010
454 44011
455 44013
456 44014
457 44015
458 44019
459 44020
460 44021
461 44022
462 44023
463 44024
464 44027
465 44028
466 44029
467 44030
468 44031
469 44033
470 44035
471 44036
472 44038
473 44041
474 44043
475 44046
476 44047
477 44048
478 44049
479 44053
480 44059
481 44061
482 44063
483 44065
484 44066
485 44067
486 44068
487 44072
488 44073
489 44074
490 44075
491 44076
492 44077
493 44078
494 44079
495 44080
496 44081
497 44082
498 44084
499 44085
500 44087
501 44088
502 44089
503 44091
504 44093
505 44094
506 44097
507 44098
508 44099
509 44100
510 44101
511 44102
512 44104
513 44105
514 44109
515 44112
516 44113
517 44117
518 44119
519 44121
520 44122
521 44123
522 44124
523 44125
524 44134
525 44142
526 44143
527 44162
528 44163
529 44164
530 44165
531 44166
532 44168
533 44169
534 44173
535 44175
536 44177
537 44179
538 44182
539 44183
540 44186
541 44187
542 44188
543 44190
544 44195
545 44200
546 44201
547 44205
548 44208
549 44210
550 44211
551 44213
552 44216
553 44217
554 44218
555 44224
556 44226
557 44231
558 44234
559 44235
560 44236
561 44237
562 44239
563 44241
564 44250
565 44254
566 44258
567 44261
568 44263
569 44265
570 44268
571 44273
572 44274
573 44276
574 44279
575 44286
576 44293
577 44296
578 44304
579 44310
580 44317
581 44321
582 44324
583 44325
584 44331
585 44335
586 44337
587 44341
588 44345
589 44347
590 44349
591 44353
592 44356
593 44361
594 44363
595 44373
596 44375
597 44376
598 44380
599 44382
600 44383
601 44384
602 44387
603 44393
604 44395
605 44396
606 44401
607 44405
608 44409
609 44410
610 44411
611 44413
612 44415
613 44416
614 44417
615 44418
616 44419
617 44423
618 44424
619 44425
620 44426
621 44427
622 44428
623 45046
624 45096
625 45205
626 45337
627 45779
628 45804
629 45978
630 46028
631 46261
632 46376
633 46390
634 47053
635 47121
