start_position_on_chr4
12430000
17440000
23670000
23680000
25030000
25090000
25210000
25220000
25230000
25250000
25260000
25270000
25280000
25290000
25300000
25340000
25360000
25370000
25400000
25410000
25420000
25460000
25490000
25500000
25510000
25530000
25550000
25560000
25570000
25590000
25600000
25610000
25670000
25680000
25730000
25770000
25800000
25820000
25850000
25860000
25900000
25930000
25950000
25980000
25990000
2.6e+07
26020000
26030000
26040000
26050000
26060000
26080000
26090000
26120000
26130000
26140000
26150000
26160000
26170000
26190000
26230000
26250000
26280000
26310000
26320000
26340000
26350000
26370000
26390000
26400000
26410000
26450000
26460000
26480000
26550000
26580000
26590000
26620000
26630000
26640000
26680000
26690000
26710000
26730000
26740000
26750000
26770000
26800000
26810000
26830000
26860000
26870000
26880000
26900000
26910000
26970000
26980000
26990000
2.7e+07
27010000
27020000
27040000
27060000
27080000
27110000
27130000
27140000
27150000
27190000
27200000
27220000
27240000
27300000
27310000
27320000
27340000
27350000
27360000
27370000
27380000
27410000
27460000
27490000
27500000
27510000
27630000
27640000
27670000
27710000
27740000
27750000
27760000
27780000
27810000
27830000
27840000
27850000
27880000
27940000
27970000
27980000
28080000
28100000
28110000
28130000
28170000
28180000
28190000
28200000
28220000
28240000
28250000
28270000
28280000
28290000
28330000
28350000
28370000
28380000
28440000
28450000
28460000
28480000
28500000
28510000
28540000
28550000
28570000
28600000
28620000
28640000
28730000
28920000
28930000
28940000
28960000
28970000
28980000
28990000
2.9e+07
29020000
29040000
29080000
29100000
29150000
29240000
29400000
29420000
29720000
29740000
29760000
29770000
29800000
29820000
29830000
29840000
29850000
29860000
29870000
29910000
29920000
29940000
29950000
30110000
30150000
30170000
30200000
30280000
30290000
30380000
30400000
30410000
30500000
30520000
30530000
30540000
30580000
30640000
30650000
30740000
30760000
30770000
30780000
30810000
30820000
30830000
30850000
30900000
30920000
30940000
30950000
31150000
31190000
31210000
31230000
31240000
31330000
31350000
31390000
31410000
31660000
31690000
31740000
31750000
31760000
31770000
31780000
31790000
31810000
31820000
31830000
31840000
31850000
31860000
31890000
31900000
31910000
31920000
31930000
31940000
31950000
31960000
31970000
31990000
3.2e+07
32010000
32020000
32140000
32170000
32200000
32290000
33620000
33630000
33690000
33770000
33920000
33990000
3.4e+07
34040000
34330000
34360000
34400000
34450000
34470000
34690000
44010000
44130000
44140000
44150000
44170000
44180000
44230000
44260000
44270000
44300000
44310000
44350000
44370000
44380000
44390000
44400000
44430000
44450000
44460000
44470000
44490000
44500000
44590000
44620000
44630000
44650000
44730000
45160000
45200000
45310000
45350000
45430000
45450000
45920000
45980000
46010000
46020000
46040000
46050000
46060000
46080000
46090000
46140000
46160000
46180000
46200000
46250000
46260000
46400000
46410000
47020000
47130000
47180000
47210000
47220000
47260000
47270000
47310000
47350000
47390000
47430000
47490000
47500000
47520000
47530000
47800000
47840000
47850000
47870000
47880000
47900000
47910000
47930000
47960000
47970000
47980000
48010000
48030000
48100000
48110000
48120000
48130000
48140000
48150000
48160000
48180000
48250000
48270000
48280000
48300000
48310000
48320000
48330000
48390000
48420000
48450000
48460000
48470000
48480000
48560000
48570000
49050000
49080000
49090000
49110000
49120000
49140000
49300000
49310000
49390000
49510000
49520000
49560000
49570000
49590000
49600000
49610000
49620000
50010000
50020000
50090000
50200000
50220000
50240000
50320000
50670000
50730000
50740000
50750000
50760000
50770000
50780000
50800000
50850000
50870000
50880000
50890000
50900000
50910000
50920000
50930000
50940000
50960000
50970000
5.1e+07
51070000
51080000
51110000
51160000
51170000
51200000
51240000
51250000
51270000
51280000
51320000
51330000
51350000
51370000
51380000
51390000
51400000
51420000
51430000
51440000
51450000
51480000
51490000
51500000
51520000
51530000
51540000
51580000
51590000
51600000
51610000
51620000
51630000
51660000
51670000
51680000
51690000
51700000
51720000
51740000
51750000
51770000
51800000
51810000
51840000
51850000
51860000
51870000
51910000
52100000
52120000
52140000
52160000
52170000
52180000
52190000
52240000
52250000
52260000
52270000
52280000
52290000
52330000
52340000
52350000
52360000
52370000
52390000
52400000
52410000
52420000
52430000
52460000
52480000
52490000
52510000
52520000
52530000
52540000
52550000
52560000
52580000
52590000
52620000
52650000
52660000
52700000
52710000
52730000
52740000
52750000
52760000
52770000
53070000
53260000
53270000
53540000
53550000
53560000
53590000
53600000
53610000
53630000
53740000
53760000
53780000
53800000
53820000
53830000
53860000
53870000
53880000
53900000
53940000
53990000
5.4e+07
54030000
54060000
54130000
54140000
54180000
54210000
54220000
54230000
54430000
54500000
54540000
54570000
54580000
54590000
54600000
54610000
54640000
54720000
54760000
54810000
54850000
54870000
54890000
54910000
54960000
54970000
5.5e+07
55010000
55090000
55160000
55190000
55270000
55320000
55390000
55420000
55450000
55460000
55530000
55570000
55590000
55620000
55660000
55680000
55700000
55810000
55840000
55910000
55930000
56010000
56030000
56040000
56110000
56130000
56140000
56150000
56180000
56250000
56280000
56300000
56480000
56510000
56560000
56570000
56580000
56600000
56610000
56620000
56630000
56640000
56650000
56730000
56740000
56770000
56780000
56790000
56800000
64290000
6.5e+07
66600000
68240000
73510000
73850000
7580000
76570000
79320000
80830000
80970000
89620000
9150000
