42019
42020
42021
42022
42023
42024
42025
42026
42027
42028
42029
42030
42031
42032
42033
42034
42035
42037
42038
42039
42040
42041
42042
42043
42044
42045
42046
42048
42049
42050
42051
42052
42053
42054
42055
42056
42058
42059
42060
42061
42062
42063
42064
42065
42067
42068
42069
42070
42071
42072
42073
42074
42075
42077
42078
42079
42080
42081
42082
42083
42084
42085
42087
42088
42089
42090
42091
42092
42093
42094
42095
42097
42098
42099
42100
42101
42102
42103
42104
42105
42107
42108
42109
42110
42111
42112
42113
42114
42115
42116
42119
42120
42121
42122
42123
42124
42125
42126
42127
42129
42130
42131
42132
42133
42134
42135
42136
42137
42138
42140
42141
42142
42143
42144
42145
42146
42147
42149
42150
42151
42152
42153
42154
42155
42156
42157
42159
42160
42161
42162
42163
42164
42165
42166
42167
42168
42170
42171
42172
42173
42174
42175
42176
42177
42179
42180
42181
42182
42183
42184
42185
42186
42187
42189
42190
42191
42192
42193
42194
42195
42196
42197
42199
42200
42201
42202
42203
42204
42205
42206
42207
42208
42210
42211
42212
42213
42214
42215
42216
42217
42218
42219
42221
42222
42223
42224
42225
42226
42227
42228
42229
42230
42232
42233
42234
42235
42236
42237
42238
42239
42240
42241
42243
42244
42245
42246
42247
42248
42249
42250
42251
42253
42254
42255
42256
42257
42258
42259
42260
42261
42263
42264
42265
42266
42267
42268
42269
42270
42271
42273
42274
42275
42276
42277
42278
42279
42280
42282
42283
42284
42285
42286
42287
42288
42289
42290
42291
42292
42293
42294
42295
42296
42297
42298
42299
42300
42301
42302
42303
42304
42305
42306
42307
42308
42309
42310
42311
42312
42313
42314
42315
42316
42317
42318
42319
42320
42321
42322
42323
42324
42325
42326
42328
42329
42330
42331
42332
42333
42334
42335
42336
42338
42339
42340
42341
42342
42343
42344
42345
42346
42347
42349
42350
42351
42352
42353
42354
42356
42357
42358
42359
42360
42361
42362
42363
42364
42365
42366
42367
42368
42369
42370
42371
42372
42373
42374
42375
42376
42377
42378
42379
42380
42381
42383
42384
42386
42387
42388
42389
42390
42391
42392
42393
42394
42396
42397
42398
42399
42400
42401
42402
42403
42404
42405
42407
42408
42409
42410
42412
42413
42415
42416
42417
42418
42420
42421
42422
42423
42424
42425
42426
42427
42428
42429
42431
42432
42433
42434
42435
42436
42437
42438
42439
42440
42441
42442
42443
42444
42445
42446
42447
42448
42449
42450
42451
42452
42453
42454
42455
42458
42459
42461
42462
42463
42464
42465
42466
42467
42468
42469
42470
42471
42472
42473
42474
42475
42476
42477
42478
42479
42480
42481
42483
42484
42485
42487
42488
42489
42490
42491
42492
42493
42494
42496
42497
42498
42499
42501
42502
42503
42504
42505
42506
42508
42509
42510
42511
42512
42513
42514
42516
42517
42518
42519
42520
42521
42522
42523
42524
42525
42528
42529
42531
42532
42533
42534
42535
42536
42538
42539
42540
42541
42542
42543
42544
42545
42546
42548
42549
42550
42551
42552
42553
42554
42556
42557
42558
42560
42562
42563
42564
42565
42566
42568
42569
42570
42571
42572
42573
42574
42575
42576
42577
42578
42579
42580
42581
42582
42583
42584
42585
42586
42587
42588
42589
42590
42591
42592
42593
42594
42595
42596
42597
42599
42600
42602
42603
42604
42605
42606
42607
42608
42609
42611
42616
42671
42672
42673
42674
42675
42676
42677
42678
42679
42681
42682
42683
42684
42685
42686
42688
42689
42690
42691
42692
42693
42694
42695
42696
42699
42700
42701
42702
42703
42704
42705
42706
42707
42709
42711
42712
42713
42714
42715
42716
42717
42718
42719
42720
42721
42722
42723
42724
43474
43475
43476
43477
43478
43479
43480
43481
43482
43483
43484
43485
43487
43488
43489
43490
43491
43492
43494
43495
43496
43497
43498
43499
43500
43501
43502
43503
43505
43506
43507
43508
43509
43510
43511
43512
43513
43514
43516
43517
43518
43519
43520
43522
43523
43524
43525
43526
43527
43529
43530
43531
43532
43533
43534
43535
43536
43537
43539
43540
43541
43542
43543
43544
43545
43546
43547
43548
43550
43551
43553
43554
43555
43556
43558
43560
43561
43562
43563
43564
43565
43566
43568
43569
43570
43571
43572
43573
43574
43576
43577
43579
43580
43581
43582
43583
43584
43585
43586
43587
43589
43590
43592
43593
43595
43596
43597
43598
43599
43600
43602
43603
43604
43605
43606
43607
43608
43609
43610
43612
43613
43614
43615
43616
43617
43618
43619
43620
43622
43623
43624
43625
43626
43627
43628
43630
43632
43633
43634
43635
43636
43637
43638
43639
43641
43642
43643
43644
43645
43646
43647
43648
43649
43650
43652
43653
43654
43655
43656
43657
43658
43659
43660
43661
43663
43664
43665
43666
43667
43668
43669
43670
43671
43672
43674
43675
43676
43677
43678
43679
43680
43681
43682
43683
43685
43686
43687
43688
43689
43690
43691
43692
43694
43695
43696
43697
43698
43699
43700
43701
43702
43703
43705
43706
43707
43708
43709
43710
43711
43712
43713
43714
43716
43717
43718
43719
43720
43721
43722
43723
43724
43725
43726
43727
43728
43729
43730
43731
43732
43733
43734
43735
43736
43737
43738
43739
43740
43741
43742
43743
43744
43745
43746
43747
43748
43749
43750
43751
43752
43753
43754
43755
43756
43757
43758
43760
43761
43762
43763
43764
43765
43766
43767
43768
43769
43772
43773
43774
43775
43776
43777
43778
43779
43780
43781
43783
43784
43785
43786
43787
43788
43789
43790
43791
43793
43794
43795
43796
43797
43798
43799
43800
43801
43802
43804
43805
43806
43807
43808
43809
43810
43811
43812
43813
43815
43816
43817
43818
43819
43820
43821
43822
43823
43825
43826
43827
43829
43830
43831
43832
43833
43835
43836
43837
43838
43839
43840
43841
43842
43844
43846
43847
43848
43849
43850
43851
43853
43854
43855
43856
43857
43858
43860
43861
43862
43863
43865
43867
43868
43869
43870
43872
43874
43875
43876
43877
43878
43879
43880
43882
43883
43885
43886
43888
43889
43890
43891
43892
43893
43895
43896
43897
43898
43899
43900
43901
43902
43903
43904
43905
43906
43907
43908
43909
43910
43911
43912
43913
43914
43915
43916
43917
43918
43919
43920
43921
43922
43923
43924
43925
43926
43927
43928
43929
43930
43931
43932
43933
43936
43937
43938
43939
43940
43941
43942
43943
43944
43945
43946
43947
43948
43949
43950
43951
43952
43953
43954
43955
43956
43957
43958
43959
43960
43961
43962
43963
43964
43965
43966
43967
43968
43971
43972
43973
43974
43976
43977
43978
43979
43980
43981
43983
43984
43985
43986
43987
43988
43989
43990
43991
43992
43993
43994
43995
43996
43997
43998
43999
44000
44001
44002
44003
44004
44005
44006
44007
44008
44009
44010
44011
44012
44013
44014
44015
44016
44017
44018
44019
44020
44021
44022
44023
44024
44025
44026
44027
44028
44029
44030
44031
44032
44033
44034
44035
44036
44037
44038
44039
44040
44041
44043
44044
44045
44046
44047
44048
44049
44050
44051
44052
44053
44054
44056
44057
44058
44059
44060
44061
44062
44063
44064
44065
44066
44067
44068
44069
44070
44071
44072
44073
44074
44075
44076
44077
44078
44079
44080
44081
44082
44083
44084
44085
44087
44088
44089
44090
44091
44092
44093
44094
44095
44097
44098
44099
44100
44101
44102
44103
44104
44105
44106
44108
44109
44110
44111
44112
44113
44114
44115
44116
44117
44119
44120
44121
44122
44123
44124
44125
44130
44131
44132
44133
44134
44135
44136
44138
44139
44140
44142
44143
44144
44145
44147
44148
44149
44151
44152
44153
44154
44155
44156
44157
44159
44160
44161
44162
44163
44164
44165
44166
44168
44169
44170
44172
44173
44174
44175
44176
44177
44178
44179
44181
44182
44183
44184
44185
44186
44187
44188
44189
44190
44192
44193
44194
44195
44196
44197
44198
44199
44200
44201
44204
44205
44206
44207
44208
44210
44211
44212
44213
44214
44216
44217
44218
44220
44221
44223
44224
44225
44226
44228
44229
44230
44231
44232
44233
44234
44235
44236
44237
44239
44240
44241
44242
44243
44244
44245
44246
44247
44249
44250
44251
44252
44253
44254
44255
44256
44258
44259
44260
44261
44262
44263
44264
44265
44266
44268
44269
44270
44271
44272
44273
44274
44275
44276
44279
44280
44281
44282
44283
44284
44285
44286
44287
44289
44290
44291
44292
44293
44294
44295
44296
44297
44299
44300
44301
44302
44303
44304
44305
44306
44307
44309
44310
44311
44312
44313
44314
44315
44316
44317
44318
44320
44321
44322
44323
44324
44325
44326
44327
44328
44330
44331
44332
44333
44334
44335
44336
44337
44338
44340
44341
44342
44343
44344
44345
44346
44347
44348
44349
44351
44353
44354
44355
44356
44357
44358
44359
44361
44362
44363
44364
44365
44366
44367
44368
44369
44370
44373
44374
44375
44376
44377
44378
44380
44381
44382
44383
44384
44385
44386
44387
44389
44390
44391
44392
44393
44394
44395
44396
44398
44399
44401
44402
44403
44405
44406
44407
44408
44409
44410
44411
44412
44413
44415
44416
44417
44418
44419
44420
44421
44423
44424
44425
44426
44427
44428
44430
